[[16171305, 16171305, 32342610, 32342610, 32342610, 32342610, 32342610, 32342610, 32342610, 32342610, 32342610, 32342610, 32342610, 32342610, 32342610, 32342610], 
[10483470, 10483469, 20966939, 20966939, 20966939, 20966939, 20966939, 20966939, 20966939, 20966939, 20966939, 20966939, 20966939, 20966939, 20966939, 20966939], 
[30047675, 15023838, 15023838, 30047675, 30047675, 30047675, 30047675, 30047675, 30047675, 30047675, 30047674, 30047675, 30047675, 30047675, 30047675, 30047675], 
[30045646, 30045646, 15022823, 15022823, 30045646, 30045646, 30045646, 30045646, 30045646, 30045646, 30045646, 30045646, 30045646, 30045646, 30045646, 30045646], 
[30044989, 30044989, 30044989, 15044989, 15000001, 30044989, 30044989, 30044988, 30044989, 30044989, 30044989, 30044989, 30044989, 30044989, 30044989, 30044989], 
[30038679, 30038680, 30038680, 30038680, 30038680, 15000001, 15038680, 30038680, 30038680, 30038680, 30038680, 30038680, 30038680, 30038680, 30038680, 30038680], 
[30036597, 30036597, 30036597, 30036597, 30036597, 30036597, 15000001, 15036597, 30036597, 30036597, 30036597, 30036597, 30036597, 30036597, 30036597, 30036596], 
[30041449, 30041450, 30041450, 30041450, 30041450, 30041450, 30041450, 15000001, 15041450, 30041450, 30041450, 30041450, 30041450, 30041450, 30041450, 30041450], 
[30039143, 30039144, 30039144, 30039144, 30039144, 30039144, 30039144, 15000001, 15039144, 30039144, 30039144, 30039144, 30039144, 30039144, 30039144, 30039144], 
[30039178, 30039178, 30039178, 30039178, 30039178, 30039178, 30039178, 30039178, 15019590, 15019589, 30039178, 30039178, 30039178, 30039178, 30039178, 30039177], 
[30035978, 30035978, 30035978, 30035978, 30035977, 30035978, 30035978, 30035978, 30035978, 15000001, 15035978, 30035978, 30035978, 30035978, 30035978, 30035978], 
[30033750, 30033750, 30033750, 30033750, 30033750, 30033749, 30033750, 30033750, 30033750, 30033750, 16004833, 14028918, 30033750, 30033750, 30033750, 30033750], 
[30032707, 30032707, 30032707, 30032707, 30032707, 30032707, 30032707, 30032707, 30032707, 30032706, 30032707, 15016354, 15016354, 30032707, 30032707, 30032707], 
[30031344, 30031345, 30031345, 30031345, 30031345, 30031345, 30031345, 30031345, 30031345, 30031345, 30031345, 30031345, 15000001, 15031345, 30031345, 30031345], 
[30031385, 30031386, 30031386, 30031386, 30031386, 30031386, 30031386, 30031386, 30031386, 30031386, 30031386, 30031386, 30028578, 15025140, 15009055, 30031386], 
[29630326, 29630326, 29630326, 29630326, 29630326, 29630326, 29630326, 29630326, 29630326, 29630326, 29630326, 29630326, 29630326, 29630326, 14127532, 15502794]]