[1618634,562150,3959846,634,3882992,3948876,402,7216432,437,3449862,3829418,586,2515082,50,357142,1000067]
[15965445,0,0,0,0,0,0,0,0,0,0,0,1193163,511,3599268,10208552]
[4365,5659268,24384040,0,0,0,0,0,0,0,1,0,0,0,0,0]
[1,0,16509634,6250,13529761,0,0,0,0,0,0,0,0,0,0,0]
[0,0,0,0,30044988,0,0,1,0,0,0,0,0,0,0,0]
[1,0,0,0,5514,30038679,0,0,0,0,0,0,0,0,0,0]
[0,0,0,0,0,16505630,6264,13530966,0,0,0,0,0,0,0,1]
[1,0,0,0,0,0,0,30041449,0,0,0,0,0,0,0,0]
[1,0,0,0,0,0,0,30039143,0,0,0,0,0,0,0,0]
[0,0,0,0,0,0,0,16504349,6253,13528574,0,0,0,0,0,1]
[0,0,0,0,1,0,0,0,0,30035977,0,0,0,0,0,0]
[0,0,0,0,0,1,0,0,0,4832,30028917,0,0,0,0,0]
[0,0,0,0,0,0,0,0,0,1,16499707,6251,13526747,0,0,0]
[1,0,0,0,0,0,0,0,0,0,0,0,30031344,0,0,0]
[1,0,0,0,0,0,0,0,0,0,0,0,2808,6246,30022331,0]
[0,0,0,0,0,0,0,0,0,0,0,0,0,0,16502794,13127532]