File name: part-00000
[39838, 39881, 39775, 40074, 40043, 40016, 39699, 39764, 40188, 40157, 39728, 40288, 40142, 40348, 40048, 40011]
[600162, 600119, 600225, 599926, 599957, 599984, 600301, 600236, 599812, 599843, 600272, 599712, 599858, 599652, 599952, 599989]
File name: part-00001
[39991, 39788, 39776, 40124, 40018, 39748, 40008, 39862, 39955, 40523, 39885, 40249, 40072, 39834, 40010, 40157]
[600009, 600212, 600224, 599876, 599982, 600252, 599992, 600138, 600045, 599477, 600115, 599751, 599928, 600166, 599990, 599843]
File name: part-00002
[39829, 40117, 40060, 39726, 39940, 40197, 40274, 39916, 40167, 40161, 39784, 40160, 39901, 39905, 40016, 39847]
[600171, 599883, 599940, 600274, 600060, 599803, 599726, 600084, 599833, 599839, 600216, 599840, 600099, 600095, 599984, 600153]
File name: part-00003
[40242, 39862, 40000, 39756, 39915, 39928, 40227, 40388, 39692, 40021, 40048, 39983, 40171, 39694, 40029, 40044]
[599758, 600138, 600000, 600244, 600085, 600072, 599773, 599612, 600308, 599979, 599952, 600017, 599829, 600306, 599971, 599956]
File name: part-00004
[40047, 40054, 39963, 39997, 39978, 40024, 40151, 40095, 39877, 40053, 39815, 40118, 39777, 40141, 39946, 39964]
[599953, 599946, 600037, 600003, 600022, 599976, 599849, 599905, 600123, 599947, 600185, 599882, 600223, 599859, 600054, 600036]
File name: part-00005
[40167, 40029, 39969, 39763, 40280, 40122, 39953, 39490, 39608, 40357, 40113, 39875, 40206, 40408, 39891, 39769]
[599833, 599971, 600031, 600237, 599720, 599878, 600047, 600510, 600392, 599643, 599887, 600125, 599794, 599592, 600109, 600231]
File name: part-00006
[40216, 39809, 39916, 39771, 39862, 39887, 40024, 40045, 40254, 39903, 40007, 40383, 39806, 39527, 40449, 40141]
[599784, 600191, 600084, 600229, 600138, 600113, 599976, 599955, 599746, 600097, 599993, 599617, 600194, 600473, 599551, 599859]
File name: part-00007
[40056, 39829, 40133, 40285, 40020, 39939, 39566, 40128, 39520, 40210, 40175, 40260, 39839, 40354, 39837, 39849]
[599944, 600171, 599867, 599715, 599980, 600061, 600434, 599872, 600480, 599790, 599825, 599740, 600161, 599646, 600163, 600151]
File name: part-00008
[40366, 39713, 40062, 39995, 39874, 39986, 40119, 39961, 40320, 40045, 39964, 40087, 39686, 39658, 40192, 39972]
[599634, 600287, 599938, 600005, 600126, 600014, 599881, 600039, 599680, 599955, 600036, 599913, 600314, 600342, 599808, 600028]
File name: part-00009
[40386, 40111, 40314, 40091, 40010, 40159, 40047, 39815, 39740, 39871, 40208, 39922, 39931, 39995, 39640, 39760]
[599614, 599889, 599686, 599909, 599990, 599841, 599953, 600185, 600260, 600129, 599792, 600078, 600069, 600005, 600360, 600240]
File name: part-00010
[40028, 40062, 39942, 39941, 40208, 40131, 39974, 40287, 40132, 40022, 39849, 39818, 39780, 39752, 40036, 40038]
[599972, 599938, 600058, 600059, 599792, 599869, 600026, 599713, 599868, 599978, 600151, 600182, 600220, 600248, 599964, 599962]
File name: part-00011
[39478, 40123, 39858, 40045, 39838, 40091, 40025, 40098, 39906, 39909, 39811, 40148, 39971, 40330, 40224, 40145]
[600522, 599877, 600142, 599955, 600162, 599909, 599975, 599902, 600094, 600091, 600189, 599852, 600029, 599670, 599776, 599855]
File name: part-00012
[40184, 40138, 40074, 39871, 40291, 40026, 40145, 39925, 40025, 39775, 39902, 39841, 39824, 39869, 39939, 40171]
[599816, 599862, 599926, 600129, 599709, 599974, 599855, 600075, 599975, 600225, 600098, 600159, 600176, 600131, 600061, 599829]
File name: part-00013
[39829, 40110, 40221, 39908, 39877, 39937, 39806, 39868, 40469, 40136, 40135, 39931, 40114, 39902, 39819, 39938]
[600171, 599890, 599779, 600092, 600123, 600063, 600194, 600132, 599531, 599864, 599865, 600069, 599886, 600098, 600181, 600062]
File name: part-00014
[40138, 40136, 39900, 40073, 39773, 39765, 40060, 39963, 40397, 40056, 39714, 40220, 40059, 39933, 40107, 39706]
[599862, 599864, 600100, 599927, 600227, 600235, 599940, 600037, 599603, 599944, 600286, 599780, 599941, 600067, 599893, 600294]
File name: part-00015
[40010, 40138, 39912, 40076, 39909, 40227, 39748, 39686, 39936, 40199, 40304, 39921, 40073, 40020, 39803, 40038]
[599990, 599862, 600088, 599924, 600091, 599773, 600252, 600314, 600064, 599801, 599696, 600079, 599927, 599980, 600197, 599962]