[40123,39932,39950,39658,40014,39574,40202,39676,40650,41076,39724,40635,39250,40913,39674,38949]
[599877,600068,600050,600342,599986,600426,599798,600324,599350,598924,600276,599365,600750,599087,600326,601051]
[40281,39771,40037,39481,39938,39643,40384,39403,41121,41135,39412,40979,39243,40890,39525,38757]
[599719,600229,599963,600519,600062,600357,599616,600597,598879,598865,600588,599021,600757,599110,600475,601243]
[40187,39952,39934,39430,39687,39835,40435,39807,40534,40656,39475,40834,39390,41268,39814,38762]
[599813,600048,600066,600570,600313,600165,599565,600193,599466,599344,600525,599166,600610,598732,600186,601238]
[39951,40225,40199,39701,39525,39889,40393,39907,40561,40809,39604,40407,39299,41035,39861,38634]
[600049,599775,599801,600299,600475,600111,599607,600093,599439,599191,600396,599593,600701,598965,600139,601366]
[40090,40210,39581,39894,39893,39660,40426,39659,40593,41021,39263,40671,39538,40834,39610,39057]
[599910,599790,600419,600106,600107,600340,599574,600341,599407,598979,600737,599329,600462,599166,600390,600943]
[40207,39746,39934,39609,39801,39906,40422,39874,40941,40717,39395,40639,39146,40892,39563,39208]
[599793,600254,600066,600391,600199,600094,599578,600126,599059,599283,600605,599361,600854,599108,600437,600792]
[40054,39850,40324,39538,39731,39854,40463,39693,40545,40789,39833,40908,39022,40727,39654,39015]
[599946,600150,599676,600462,600269,600146,599537,600307,599455,599211,600167,599092,600978,599273,600346,600985]
[40075,40042,40145,39637,39706,39424,40491,39621,40447,40854,39643,41102,39515,40897,39541,38860]
[599925,599958,599855,600363,600294,600576,599509,600379,599553,599146,600357,598898,600485,599103,600459,601140]
[40111,40158,40423,39601,39986,39493,40283,39387,40700,41178,39377,40454,39110,41189,39845,38705]
[599889,599842,599577,600399,600014,600507,599717,600613,599300,598822,600623,599546,600890,598811,600155,601295]
[40183,40135,39993,39800,39695,39487,40377,39855,40616,40757,39608,40946,39138,40765,39585,39060]
[599817,599865,600007,600200,600305,600513,599623,600145,599384,599243,600392,599054,600862,599235,600415,600940]
[40049,40147,39797,39892,39631,39822,40694,39639,40954,40724,39632,40707,39645,40609,39384,38674]
[599951,599853,600203,600108,600369,600178,599306,600361,599046,599276,600368,599293,600355,599391,600616,601326]
[39748,40286,39849,39853,39723,39561,40265,40075,40877,40698,39039,41099,39503,40934,39382,39108]
[600252,599714,600151,600147,600277,600439,599735,599925,599123,599302,600961,598901,600497,599066,600618,600892]
[39880,39756,40074,39544,40161,39618,40454,39717,40694,40877,39220,40919,39324,41126,39562,39074]
[600120,600244,599926,600456,599839,600382,599546,600283,599306,599123,600780,599081,600676,598874,600438,600926]
[40035,40041,39888,39773,39734,39646,40304,39945,40824,40679,39477,40774,39378,40685,39675,39142]
[599965,599959,600112,600227,600266,600354,599696,600055,599176,599321,600523,599226,600622,599315,600325,600858]
[40349,39359,40078,39726,39714,39912,40524,39625,40931,41057,39487,40585,39307,40679,39712,38955]
[599651,600641,599922,600274,600286,600088,599476,600375,599069,598943,600513,599415,600693,599321,600288,601045]
[40246,39901,39781,39465,40117,39812,40327,39655,40644,40787,39577,40669,39348,41243,39679,38749]
[599754,600099,600219,600535,599883,600188,599673,600345,599356,599213,600423,599331,600652,598757,600321,601251]