[1825453,463848,784,426361,1015,120640,30434,0,42417,0,40121,48802,0,283587,51398,1409102]
[2918509,4280114,4743178,4317601,4742947,4623322,4713528,4743962,4701545,4743962,4703841,4695160,4743962,4460375,4692564,3334860]
[0,0,0,0,0,4601,274196,504,395721,408,401760,387606,294,2626930,474721,1]
[4566742,4566742,4566742,4566742,4566742,4562141,4292546,4566238,4171021,4566334,4164982,4179136,4566448,1939812,4092021,4566741]
[1,0,0,0,0,0,0,0,0,0,0,0,0,0,5647,4561017]
[4566664,4566665,4566665,4566665,4566665,4566665,4566665,4566665,4566665,4566665,4566665,4566665,4566665,4566665,4561018,5648]
[0,0,0,0,0,0,0,0,0,0,0,0,0,0,0,4566348]
[4566348,4566348,4566348,4566348,4566348,4566348,4566348,4566348,4566348,4566348,4566348,4566348,4566348,4566348,4566348,0]
[310115,0,0,0,0,0,0,0,0,0,0,0,0,0,0,4233952]
[4233952,4544067,4544067,4544067,4544067,4544067,4544067,4544067,4544067,4544067,4544067,4544067,4544067,4544067,4544067,310115]
[4257853,0,0,0,0,0,0,0,0,0,0,0,0,1,0,0]
[1,4257854,4257854,4257854,4257854,4257854,4257854,4257854,4257854,4257854,4257854,4257854,4257854,4257853,4257854,4257854]
[4258022,0,0,0,0,0,0,0,0,0,0,0,0,0,0,1]
[1,4258023,4258023,4258023,4258023,4258023,4258023,4258023,4258023,4258023,4258023,4258023,4258023,4258023,4258023,4258022]
[4258040,0,0,0,0,0,0,0,0,0,0,0,0,1,0,0]
[1,4258041,4258041,4258041,4258041,4258041,4258041,4258041,4258041,4258041,4258041,4258041,4258041,4258040,4258041,4258041]
[4258436,0,0,0,0,0,0,0,0,0,0,0,0,0,0,0]
[0,4258436,4258436,4258436,4258436,4258436,4258436,4258436,4258436,4258436,4258436,4258436,4258436,4258436,4258436,4258436]
[4430,4253320,40,0,0,0,0,0,0,0,0,0,0,0,0,0]
[4253360,4470,4257750,4257790,4257790,4257790,4257790,4257790,4257790,4257790,4257790,4257790,4257790,4257790,4257790,4257790]
[0,45,6248,4252148,0,0,0,0,0,0,0,0,0,0,0,1]
[4258442,4258397,4252194,6294,4258442,4258442,4258442,4258442,4258442,4258442,4258442,4258442,4258442,4258442,4258442,4258441]
[1,0,0,2102,6253,1208617,3041012,0,0,0,0,0,0,0,0,0]
[4257984,4257985,4257985,4255883,4251732,3049368,1216973,4257985,4257985,4257985,4257985,4257985,4257985,4257985,4257985,4257985]
[0,0,0,0,0,0,851,6249,4251639,0,0,0,0,0,0,0]
[4258739,4258739,4258739,4258739,4258739,4258739,4257888,4252490,7100,4258739,4258739,4258739,4258739,4258739,4258739,4258739]
[0,0,0,0,0,0,0,0,2730,6250,4249316,0,0,0,0,0]
[4258296,4258296,4258296,4258296,4258296,4258296,4258296,4258296,4255566,4252046,8980,4258296,4258296,4258296,4258296,4258296]
[1,0,0,0,0,0,0,0,0,0,4753,4253723,0,0,0,0]
[4258476,4258477,4258477,4258477,4258477,4258477,4258477,4258477,4258477,4258477,4253724,4754,4258477,4258477,4258477,4258477]
[1,0,0,0,0,0,0,0,0,0,0,646,6244,4102684,0,0]
[4109574,4109575,4109575,4109575,4109575,4109575,4109575,4109575,4109575,4109575,4109575,4108929,4103331,6891,4109575,4109575]