[1618634,562150,3959846,634,3882992,3948876,402,7216432,437,3449862,3829418,586,2515082,50,357142,1000067]
[30723976,31780460,28382764,32341976,28459618,28393734,32342208,25126178,32342173,28892748,28513192,32342024,29827528,32342560,31985468,31342543]
[15965445,0,0,0,0,0,0,0,0,0,0,0,1193163,511,3599268,10208552]
[15001494,30966939,30966939,30966939,30966939,30966939,30966939,30966939,30966939,30966939,30966939,30966939,29773776,30966428,27367671,20758387]
[4365,5659268,24384040,0,0,0,0,0,0,0,1,0,0,0,0,0]
[30043309,24388406,5663634,30047674,30047674,30047674,30047674,30047674,30047674,30047674,30047673,30047674,30047674,30047674,30047674,30047674]
[1,0,16509634,6250,13529761,0,0,0,0,0,0,0,0,0,0,0]
[30045645,30045646,13536012,30039396,16515885,30045646,30045646,30045646,30045646,30045646,30045646,30045646,30045646,30045646,30045646,30045646]
[0,0,0,0,30044988,0,0,1,0,0,0,0,0,0,0,0]
[30044989,30044989,30044989,30044989,1,30044989,30044989,30044988,30044989,30044989,30044989,30044989,30044989,30044989,30044989,30044989]
[1,0,0,0,5514,30038679,0,0,0,0,0,0,0,0,0,0]
[30044193,30044194,30044194,30044194,30038680,5515,30044194,30044194,30044194,30044194,30044194,30044194,30044194,30044194,30044194,30044194]
[0,0,0,0,0,16505630,6264,13530966,0,0,0,0,0,0,0,1]
[30042861,30042861,30042861,30042861,30042861,13537231,30036597,16511895,30042861,30042861,30042861,30042861,30042861,30042861,30042861,30042860]
[1,0,0,0,0,0,0,30041449,0,0,0,0,0,0,0,0]
[30041449,30041450,30041450,30041450,30041450,30041450,30041450,1,30041450,30041450,30041450,30041450,30041450,30041450,30041450,30041450]
[1,0,0,0,0,0,0,30039143,0,0,0,0,0,0,0,0]
[30039143,30039144,30039144,30039144,30039144,30039144,30039144,1,30039144,30039144,30039144,30039144,30039144,30039144,30039144,30039144]
[0,0,0,0,0,0,0,16504349,6253,13528574,0,0,0,0,0,1]
[30039177,30039177,30039177,30039177,30039177,30039177,30039177,13534828,30032924,16510603,30039177,30039177,30039177,30039177,30039177,30039176]
[0,0,0,0,1,0,0,0,0,30035977,0,0,0,0,0,0]
[30035978,30035978,30035978,30035978,30035977,30035978,30035978,30035978,30035978,1,30035978,30035978,30035978,30035978,30035978,30035978]
[0,0,0,0,0,1,0,0,0,4832,30028917,0,0,0,0,0]
[30033750,30033750,30033750,30033750,30033750,30033749,30033750,30033750,30033750,30028918,4833,30033750,30033750,30033750,30033750,30033750]
[0,0,0,0,0,0,0,0,0,1,16499707,6251,13526747,0,0,0]
[30032706,30032706,30032706,30032706,30032706,30032706,30032706,30032706,30032706,30032705,13532999,30026455,16505959,30032706,30032706,30032706]
[1,0,0,0,0,0,0,0,0,0,0,0,30031344,0,0,0]
[30031344,30031345,30031345,30031345,30031345,30031345,30031345,30031345,30031345,30031345,30031345,30031345,1,30031345,30031345,30031345]
[1,0,0,0,0,0,0,0,0,0,0,0,2808,6246,30022331,0]
[30031385,30031386,30031386,30031386,30031386,30031386,30031386,30031386,30031386,30031386,30031386,30031386,30028578,30025140,9055,30031386]
[0,0,0,0,0,0,0,0,0,0,0,0,0,0,16502794,13127532]
[29630326,29630326,29630326,29630326,29630326,29630326,29630326,29630326,29630326,29630326,29630326,29630326,29630326,29630326,13127532,16502794]