[1911519, 1909101, 1899559, 1883881, 1870773, 1857686, 1846712, 1841787, 1841596, 1847947, 1855806, 1870749, 1886405, 1897679, 1908955, 1912706]
[28131342, 28133760, 28143302, 28158980, 28172088, 28185175, 28196149, 28201074, 28201265, 28194914, 28187055, 28172112, 28156456, 28145182, 28133906, 28130155]
[1853554, 1847358, 1847574, 1850854, 1858712, 1869156, 1883558, 1891624, 1898663, 1903708, 1908293, 1902782, 1893151, 1884403, 1875021, 1862975]
[28177832, 28184028, 28183812, 28180532, 28172674, 28162230, 28147828, 28139762, 28132723, 28127678, 28123093, 28128604, 28138235, 28146983, 28156365, 28168411]
[1941813, 1933190, 1926598, 1921878, 1919510, 1918677, 1918410, 1925199, 1931715, 1938665, 1943742, 1948465, 1951147, 1949732, 1951947, 1946251]
[29025126, 29033749, 29040341, 29045061, 29047429, 29048262, 29048529, 29041740, 29035224, 29028274, 29023197, 29018474, 29015792, 29017207, 29014992, 29020688]
[1862435, 1853645, 1842963, 1842314, 1846422, 1852495, 1865836, 1881245, 1896176, 1901554, 1911497, 1913702, 1909768, 1899500, 1889589, 1875053]
[28181759, 28190549, 28201231, 28201880, 28197772, 28191699, 28178358, 28162949, 28148018, 28142640, 28132697, 28130492, 28134426, 28144694, 28154605, 28169141]
[1850191, 1845223, 1841683, 1845531, 1856440, 1865543, 1881503, 1893472, 1904136, 1910503, 1912960, 1906857, 1902544, 1886251, 1876945, 1861668]
[28191259, 28196227, 28199767, 28195919, 28185010, 28175907, 28159947, 28147978, 28137314, 28130947, 28128490, 28134593, 28138906, 28155199, 28164505, 28179782]
[1906420, 1893842, 1882257, 1871288, 1862597, 1854206, 1846683, 1848231, 1851609, 1858784, 1870647, 1883819, 1893716, 1901643, 1906347, 1907055]
[28132724, 28145302, 28156887, 28167856, 28176547, 28184938, 28192461, 28190913, 28187535, 28180360, 28168497, 28155325, 28145428, 28137501, 28132797, 28132089]
[1850306, 1854072, 1851324, 1849687, 1851004, 1847510, 1850241, 1852065, 1850517, 1850653, 1852919, 1852004, 1854352, 1856756, 1854186, 1852730]
[27780020, 27776254, 27779002, 27780639, 27779322, 27782816, 27780085, 27778261, 27779809, 27779673, 27777407, 27778322, 27775974, 27773570, 27776140, 27777596]
[1883173, 1871502, 1856911, 1849565, 1845521, 1842144, 1850505, 1861807, 1870151, 1883133, 1894024, 1905346, 1909015, 1909805, 1906968, 1896408]
[28152805, 28164476, 28179067, 28186413, 28190457, 28193834, 28185473, 28174171, 28165827, 28152845, 28141954, 28130632, 28126963, 28126173, 28129010, 28139570]
[1852271, 1849256, 1852317, 1856784, 1866573, 1878621, 1888231, 1896951, 1905905, 1902738, 1904524, 1896494, 1887461, 1876665, 1867206, 1857180]
[28186906, 28189921, 28186860, 28182393, 28172604, 28160556, 28150946, 28142226, 28133272, 28136439, 28134653, 28142683, 28151716, 28162512, 28171971, 28181997]
[1906154, 1909243, 1898237, 1891356, 1881833, 1869234, 1856230, 1849663, 1845028, 1848816, 1854802, 1864998, 1878204, 1889447, 1900547, 1903882]
[28141520, 28138431, 28149437, 28156318, 28165841, 28178440, 28191444, 28198011, 28202646, 28198858, 28192872, 28182676, 28169470, 28158227, 28147127, 28143792]
[1855346, 1861154, 1863991, 1871443, 1879454, 1886674, 1890425, 1893998, 1898025, 1893614, 1890069, 1884429, 1875460, 1868106, 1862688, 1858874]
[28178404, 28172596, 28169759, 28162307, 28154296, 28147076, 28143325, 28139752, 28135725, 28140136, 28143681, 28149321, 28158290, 28165644, 28171062, 28174876]
[1879424, 1872410, 1863222, 1861478, 1858453, 1861819, 1864593, 1875714, 1877764, 1886644, 1889320, 1895020, 1893661, 1893018, 1889825, 1883281]
[28166222, 28173236, 28182424, 28184168, 28187193, 28183827, 28181053, 28169932, 28167882, 28159002, 28156326, 28150626, 28151985, 28152628, 28155821, 28162365]
[2013263, 2018263, 2020239, 2027508, 2032468, 2032559, 2032965, 2032643, 2030312, 2021495, 2021795, 2015972, 2010010, 2010651, 2009506, 2012961]
[30329347, 30324347, 30322371, 30315102, 30310142, 30310051, 30309645, 30309967, 30312298, 30321115, 30320815, 30326638, 30332600, 30331959, 30333104, 30329649]
[1911591, 1906420, 1899567, 1892688, 1879278, 1866601, 1857574, 1852056, 1847560, 1850589, 1853442, 1865196, 1873206, 1885891, 1898304, 1905026]
[28133398, 28138569, 28145422, 28152301, 28165711, 28178388, 28187415, 28192933, 28197429, 28194400, 28191547, 28179793, 28171783, 28159098, 28146685, 28139963]
[1867633, 1859594, 1853790, 1848565, 1851457, 1857827, 1865137, 1874982, 1887077, 1894356, 1902207, 1905789, 1901750, 1897886, 1888432, 1876224]
[28165073, 28173112, 28178916, 28184141, 28181249, 28174879, 28167569, 28157724, 28145629, 28138350, 28130499, 28126917, 28130956, 28134820, 28144274, 28156482]
[1869488, 1873897, 1875927, 1880300, 1883704, 1885552, 1886920, 1886632, 1887194, 1880340, 1875310, 1872546, 1868498, 1869534, 1869083, 1866420]
[28161857, 28157448, 28155418, 28151045, 28147641, 28145793, 28144425, 28144713, 28144151, 28151005, 28156035, 28158799, 28162847, 28161811, 28162262, 28164925]