[30723976,31780460,28382764,32341976,28459618,28393734,32342208,25126178,32342173,28892748,28513192,32342024,29827528,32342560,31985468,31342543],
[15001494,30966939,30966939,30966939,30966939,30966939,30966939,30966939,30966939,30966939,30966939,30966939,29773776,30966428,27367671,20758387],
[30043309,24388406,5663634,30047674,30047674,30047674,30047674,30047674,30047674,30047674,30047673,30047674,30047674,30047674,30047674,30047674],
[30045645,30045646,13536012,30039396,16515885,30045646,30045646,30045646,30045646,30045646,30045646,30045646,30045646,30045646,30045646,30045646],
[30044989,30044989,30044989,30044989,1,30044989,30044989,30044988,30044989,30044989,30044989,30044989,30044989,30044989,30044989,30044989],
[30044193,30044194,30044194,30044194,30038680,5515,30044194,30044194,30044194,30044194,30044194,30044194,30044194,30044194,30044194,30044194],
[30042861,30042861,30042861,30042861,30042861,13537231,30036597,16511895,30042861,30042861,30042861,30042861,30042861,30042861,30042861,30042860],
[30041449,30041450,30041450,30041450,30041450,30041450,30041450,1,30041450,30041450,30041450,30041450,30041450,30041450,30041450,30041450],
[30039143,30039144,30039144,30039144,30039144,30039144,30039144,1,30039144,30039144,30039144,30039144,30039144,30039144,30039144,30039144],
[30039177,30039177,30039177,30039177,30039177,30039177,30039177,13534828,30032924,16510603,30039177,30039177,30039177,30039177,30039177,30039176],
[30035978,30035978,30035978,30035978,30035977,30035978,30035978,30035978,30035978,1,30035978,30035978,30035978,30035978,30035978,30035978],
[30033750,30033750,30033750,30033750,30033750,30033749,30033750,30033750,30033750,30028918,4833,30033750,30033750,30033750,30033750,30033750],
[30032706,30032706,30032706,30032706,30032706,30032706,30032706,30032706,30032706,30032705,13532999,30026455,16505959,30032706,30032706,30032706],
[30031344,30031345,30031345,30031345,30031345,30031345,30031345,30031345,30031345,30031345,30031345,30031345,1,30031345,30031345,30031345],
[30031385,30031386,30031386,30031386,30031386,30031386,30031386,30031386,30031386,30031386,30031386,30031386,30028578,30025140,9055,30031386],
[29630326,29630326,29630326,29630326,29630326,29630326,29630326,29630326,29630326,29630326,29630326,29630326,29630326,29630326,13127532,16502794],
